2215500056
2215000590
2215000417
2215001972
2215300006
2315990051
2215700017
2215000198
2215001250
2215000705
2215000614
2215000400
2215001907
2215000786
2215001543
2215000533
2215001972
2215000367
2215000352
2215000607
2215000198
2215000874
2215001473
2215700017
2215000208
2215000438
2215000954
2215001122
2215001776
2215001941
2215000187
2215001017
221501993
2215000800
2215000057
2215001862
2215000057
2215001992
2215300007
2215300006
2215001904
2215000533
2215000088
2215001876
2215001543
2215200025
2215000556
2215000144
2215000557
2215700007
2215000565
2215700004
2215000048
2215000758
2215000294
2215000301
2215000893
2215500153
2215700003
2215001930
2215700018
2215000061
2215000265
2215000699
2215000325
2215000818
2215000458
2215001375
2215000786
2215001717
2215000785
2215001175
2215500096
2215001078
2215001306
2215000257
2215001971
2215700002
2215200025
2215001112
2215002031
2215000703
2215700013
2215000104
2215700009
2215000286
2215000681
2215001341
2215001424
2215001153
2215001555
2215001464
2215001511
2215001640
2215001800
2215500014
2215000245
2215500156
2215000028
2215000877
2215700010
2215000052
2215500048
2215000625
2215001680
2215500056
2215000037
2215001156
2215000906
2215000614
2215001340
2215500025
221550018
2215000983
2215000375
2215000679
2215000023
2215001178
2215500032
2115500154
2215000333
2215000523
2215001435
2215200018
2215001777
2215000948
2215000582
2215001075
2215001913
2315990051
2215500017
2215000974
2215001184
2215000327
2215000251
2215000165
2215800029
2215000097
2215500044
2215001079
2215001906
2215000182
2215000155
2215001594
2215200029
2215000503
2215000399
2215001116
2215001556
2215001146
2215200003
2215002009
2215000410
2215001622
2215001783
2215001193
2215001368
2215000312
2215000821
2215000304
2215000894
2215001994
2215002007
2215001957
2215001007
2215500148
2215001650
2215001632
2215001963
2215000884
2215300025
2215001897
2215000674
2215001500
2215500041
2215000584
2215800007
2215000170
2215800006
2215001564
2215001603
2215001582
2215000352
2315990038
2215001840
2215001290
2215001844
2215000883
2215000440
2215001092
2215000918
2215500144
2215500133
2215001736
2215001370
2215000427
2215800011
2215200022
2215001714
2215500031
2215001152
2215001561
2215001899
2215000300
2215000025
2215000409
2215000810
2215001751
2215500177
2215001867
2215200010
221500596
2215000133
2215001249
2215001229
2115500045
2115500045
2215001460
2215000163
2215001628
2215500092
2215001135
2215500094
2215500178
2215500096
2215001281
2215001073
2215000754
2215001299
2215000573
2215500002
2215000242
2215001653
2215000909
2215000920
2215500166
2215001115
2215500020
2215800013
2215001841
2215700012
2215700001
2215500139
2215000229
2215000583
2215001151
2215001201
2215000527
2215000702
2215500167
2215500154
2215500153
2215000490
2215000483
2215001786
2215500079
harshit.singh1_cs22@gla.ac.in
2215001212
2215001280
2215001545
2215001289
2215000087
2215500112
2215000008
2215001780
2215500102
2215000524
2215001706
2115500102
2215001626
2215002022
2215002060
2215000815
2215000744
2215000744
2215000907
2215800008
2215001470
2215001861
2215500164
2215000622
2215000207
2215001014
2215500165
2215001190
2215001986
2215000489
22150000854
2215000047
2215001030
2215000783
2215001513
2215001547
2215001851
2215800028
2215000940
2215000716
2215001772
2215001024
2215800014
2215500176
2215001392
2215500030
2215200027
2215700019
2215000027
2215001997
2215500123
2215500073
2215800012
2215001004
2215001071
2215200016
2215200028
2215001202
2215000329
2215001918
2215001056
2215001254
2215500071
2215500053
2215001102
2215000910
2215001934
2215001440
2215001372
2215500055
2215500015
2215001508
2215001812
2215000226
2215000885
2215100014
2215000157
2215001225
2215300026
2215000506
2215000091
2215001504
2215000728
2215001315
2215001888
2215001315
2215200014
2215000454
2215500049
2215001721
2215001836
2215500093
2215001361
2215500146
2315990040
2315990003
22q5100002
2215100015
2215300005
2215000860
22150001713
2215500027
